47
0.00071697
0.000783728
0.00130115
0.00123864
0.00229189
0.00068824
0.000478946
0.000425252
0.000399304
0.000368911
0.000508048
0.000693041
0.000340338
0.000572441
0.000429862
0.00055831
0.00040403
0.000411856
0.0003607
0.000336542
0.000351403
0.000301631
0.000298045
0.000282463
0.000198995
0.00033455
0.000296585
0.000316943
0.00017383
0.000197069
0.000165616
0.000159578
0.000151204
0.000161214
0.000162499
0.000148295
5.7844e-05
6.17522e-05
3.92316e-05
4.78478e-05
3.76009e-05
4.22998e-05
3.90622e-05
4.36689e-05
4.50207e-05
4.21795e-05
4.33613e-05
4.87051e-05
4.7484
4.9301
2.13548
2.99529
2.01442
1.55563
3.75748
4.89441
1.81398
0.893956
3.51704
2.10735
1.72261
2.13213
1.40062
1.25465
2.38693
3.58355
1.39481
0.721388
0.337306
0.322434
0.302282
0.291497
0.305589
0.352299
0.331632
0.307171
0.325977
0.390883
0.487882
0.601748
0.578612
0.500916
0.428143
0.362879
0.308937
0.271637
0.256475
0.265206
0.266432
0.274287
0.294467
0.32309
0.356768
0.393044
0.430286
0.433239
0.358943
0.294793
0.243698
0.209831
0.19694
0.20455
0.227129
0.258103
0.292752
0.328314
0.363193
0.354983
0.348131
0.342505
0.337966
0.33438
0.331618
0.329557
0.328086
0.327105
0.345186
0.343199
0.316645
0.289955
0.2733
0.27437
0.258194
0.174646
0.117174
0.112121
0.149854
0.108863
0.1098
0.111469
0.134869
0.138126
0.120061
0.12121
0.11147
0.106138
0.11011
0.124239
0.139138
0.157088
0.176953
0.19786
0.153779
0.121849
0.108693
0.111465
0.10885
0.109436
0.115498
0.12553
0.13515
0.118398
0.110429
0.110359
0.1167
0.12767
0.141611
0.157214
0.173528
0.189899
0.205893
0.221234
0.23575
0.249349
4.8
0.248981
0.0051871
0.00051871
2.97392
2.02211
0.335702
0.19694
0.163965
0.106138
